1,307
1,443
1,470
1,723
1,973
2,3
2,111
2,451
2,487
2,488
2,523
2,647
2,764
3,595
3,764
4,3
4,111
4,451
4,487
4,488
4,523
5,307
5,443
5,470
5,723
5,973
6,26
6,238
6,570
6,595
6,628
6,647
6,738
6,764
7,3
7,111
7,451
7,487
7,488
7,523
7,595
7,705
7,961
8,26
8,238
8,570
8,628
9,3
9,111
9,451
9,487
9,488
9,523
10,3
10,111
10,451
10,487
10,488
10,523
10,595
10,764
11,3
11,111
11,451
11,487
11,488
11,523
12,598
12,628
12,729
13,26
13,238
13,570
13,628
14,3
14,111
14,451
14,487
14,488
14,523
15,48
15,595
15,610
15,764
15,885
15,973
16,402
16,598
16,628
16,729
16,778
17,3
17,111
17,451
17,487
17,488
17,523
18,3
18,111
18,451
18,487
18,488
18,523
19,111
19,238
19,395
19,451
19,487
19,488
19,523
20,402
20,778
21,3
21,111
21,451
21,487
21,488
21,523
22,3
22,111
22,247
22,443
22,451
22,487
22,523
22,634
23,3
23,111
23,451
23,487
23,488
23,523
24,307
24,443
24,470
24,480
24,595
24,629
24,634
24,723
24,764
24,950
24,973
24,998
25,402
25,647
25,705
25,738
25,764
25,961
26,506
26,764
27,26
27,238
27,570
27,628
28,595
28,764
29,3
29,111
29,487
29,488
29,523
29,738
29,764
30,598
30,628
30,729
31,247
31,443
31,470
31,480
31,598
31,629
31,634
31,729
31,950
31,998
32,3
32,111
32,451
32,487
32,488
32,523
33,26
33,238
33,247
33,443
33,470
33,570
33,628
33,634
34,48
34,402
34,470
34,610
34,778
34,885
34,973
35,307
35,443
35,470
35,598
35,628
35,723
35,729
35,973
36,3
36,111
36,451
36,480
36,487
36,488
36,523
36,629
36,634
36,998
37,3
37,111
37,451
37,487
37,488
37,523
38,3
38,111
38,451
38,487
38,488
38,523
39,307
39,470
39,723
39,973
40,3
40,111
40,451
40,487
40,488
40,523
40,647
40,738
40,764
41,307
41,443
41,598
41,723
41,729
41,973
42,506
42,647
42,738
42,764
43,26
43,238
43,402
43,480
43,570
43,628
43,634
43,950
43,998
44,169
44,423
44,432
44,647
45,3
45,111
45,487
45,488
45,523
46,3
46,26
46,111
46,238
46,451
46,487
46,488
46,523
46,570
46,595
46,628
46,764
47,3
47,111
47,451
47,487
47,488
47,523
48,247
48,470
48,634
49,307
49,443
49,470
49,598
49,628
49,723
49,729
49,973
50,506
50,647
50,738
50,764
51,3
51,111
51,451
51,487
51,488
51,523
52,3
52,111
52,451
52,487
52,488
52,523
53,3
53,111
53,451
53,470
53,487
53,488
53,523
53,723
53,973
54,307
54,443
54,470
54,647
54,723
54,738
54,764
54,973
55,3
55,111
55,451
55,487
55,488
55,523
56,3
56,111
56,451
56,487
56,488
56,523
57,3
57,111
57,451
57,487
57,488
57,523
58,3
58,111
58,451
58,487
58,488
58,523
59,570
59,628
59,803
59,826
59,883
60,48
60,470
60,506
60,610
60,885
60,973
61,147
61,647
61,738
61,764
61,857
62,470
63,3
63,111
63,451
63,487
63,488
63,523
64,307
64,443
64,470
64,723
64,973
65,402
65,778
66,3
66,111
66,451
66,487
66,488
66,523
67,402
67,705
67,738
67,764
67,961
68,595
68,764
69,26
69,147
69,238
69,570
69,628
69,764
69,857
70,480
70,629
70,950
70,998
71,3
71,111
71,451
71,487
71,488
71,523
72,147
72,307
72,443
72,470
72,723
72,764
72,857
72,973
73,3
73,111
73,451
73,487
73,488
73,523
74,3
74,111
74,451
74,487
74,488
74,523
75,647
75,738
75,764
76,3
76,111
76,451
76,487
76,488
76,523
77,402
77,506
77,778
78,3
78,111
78,451
78,487
78,488
78,523
79,3
79,111
79,451
79,487
79,488
79,523
79,647
79,738
79,764
80,3
80,111
80,451
80,487
80,488
80,523
80,647
80,738
80,764
81,3
81,111
81,147
81,451
81,487
81,488
81,523
81,764
81,857
82,307
82,443
82,470
82,723
82,973
83,598
83,628
83,729
84,26
84,238
84,307
84,443
84,570
84,598
84,628
84,723
84,729
84,973
85,3
85,111
85,451
85,487
85,488
85,523
86,3
86,111
86,307
86,443
86,451
86,487
86,488
86,523
86,723
86,973
87,402
87,647
87,764
87,778
88,3
88,111
88,451
88,487
88,488
88,523
89,247
89,470
89,634
90,3
90,111
90,451
90,487
90,488
90,523
91,3
91,111
91,451
91,487
91,488
91,523
92,598
92,628
92,729
93,3
93,111
93,451
93,487
93,488
93,523
94,3
94,111
94,451
94,487
94,488
94,523
94,647
94,738
94,764
95,3
95,111
95,451
95,487
95,488
95,523
96,647
96,738
96,764
97,26
97,238
97,506
97,570
97,628
97,647
97,738
97,764
98,3
98,111
98,451
98,487
98,488
98,523
99,307
99,443
99,470
99,595
99,723
99,764
99,973
100,402
100,595
100,778
101,3
101,111
101,402
101,451
101,487
101,488
101,523
101,705
101,961
102,3
102,111
102,238
102,395
102,451
102,487
102,488
102,523
103,3
103,111
103,451
103,487
103,488
103,523
104,3
104,111
104,451
104,487
104,488
104,523
105,111
105,451
105,487
105,488
105,506
105,523
106,480
106,629
106,634
106,950
106,998
107,247
107,443
107,470
107,506
107,634
108,307
108,443
108,470
108,723
108,973
109,647
109,738
109,764
110,247
110,443
110,470
110,595
110,634
110,764
111,506
111,595
111,764
112,307
112,443
112,470
112,598
112,628
112,723
112,729
112,973
113,3
113,111
113,451
113,480
113,487
113,488
113,523
113,629
113,634
113,950
113,998
114,3
114,111
114,451
114,480
114,487
114,488
114,523
114,595
114,764
115,402
115,778
116,443
116,470
116,723
116,973
117,506
117,647
117,738
117,764
118,3
118,111
118,451
118,487
118,488
118,523
118,570
118,628
118,803
118,826
118,883
119,402
119,595
119,705
119,764
119,961
120,26
120,238
120,395
120,402
120,570
120,595
120,628
120,764
121,647
121,738
121,764
122,480
122,629
122,634
122,950
122,998
123,598
123,628
123,729
124,3
124,111
124,451
124,487
124,488
124,523
125,480
125,629
125,634
125,950
125,998
126,238
126,395
126,647
126,738
126,764
127,595
127,764
128,3
128,111
128,402
128,443
128,451
128,470
128,487
128,488
128,523
128,634
128,778
129,26
129,238
129,570
129,598
129,628
129,729
130,247
130,443
130,470
130,480
130,634
130,950
130,998
131,3
131,111
131,451
131,487
131,523
132,3
132,111
132,307
132,443
132,451
132,470
132,487
132,488
132,523
132,723
132,973
133,247
133,443
133,470
133,634
134,169
134,423
134,432
134,647
135,3
135,111
135,451
135,487
135,488
136,402
136,778
137,3
137,111
137,451
137,487
137,488
137,523
138,402
138,480
138,629
138,647
138,738
138,764
138,778
138,998
139,169
139,402
139,423
139,647
139,705
139,961
140,26
140,238
140,506
140,570
140,628
141,480
141,629
141,634
141,950
141,998
142,238
142,395
142,778
143,307
143,443
143,470
143,723
144,705
144,961
145,3
145,111
145,451
145,487
145,488
145,523
145,961
146,26
146,48
146,238
146,470
146,570
146,610
146,628
146,885
146,973
147,3
147,451
147,487
147,488
147,523
148,169
148,402
148,506
148,598
148,628
148,647
148,705
148,729
148,961
149,3
149,111
149,451
149,487
149,488
149,523
150,480
150,629
150,634
150,738
150,764
150,950
150,998
151,628
151,729
152,26
152,197
152,238
152,570
152,628
152,634
152,998
153,307
153,443
153,470
153,723
153,973
154,307
154,443
154,470
154,723
154,973
155,3
155,111
155,451
155,487
155,488
155,523
156,307
156,443
156,470
156,723
156,973
157,26
157,238
157,570
157,628
158,480
158,629
158,634
158,950
158,998
159,3
159,111
159,451
159,487
159,488
159,523
160,307
160,470
160,723
160,973
161,3
161,111
161,247
161,451
161,487
161,488
161,506
161,523
161,578
161,629
161,634
161,998
162,598
162,628
162,729
163,307
163,443
163,470
163,723
163,973
164,480
164,629
164,634
164,950
164,998
165,247
165,443
165,470
165,506
165,634
166,3
166,111
166,487
166,488
166,523
166,598
166,628
166,729
167,3
167,111
167,451
167,487
167,488
167,506
167,523
168,3
168,111
168,451
168,487
168,488
168,523
168,595
168,764
169,778
170,595
170,764
171,247
171,443
171,470
171,634
172,3
172,111
172,451
172,487
172,488
172,523
173,3
173,111
173,451
173,487
173,488
173,523
174,3
174,111
174,451
174,487
174,488
174,523
174,598
174,628
174,729
175,3
175,111
175,451
175,487
175,488
175,523
176,307
176,402
176,443
176,470
176,778
176,973
177,3
177,111
177,451
177,487
177,488
177,523
178,3
178,111
178,451
178,487
178,488
178,523
179,3
179,111
179,451
179,487
179,488
179,523
180,3
180,111
180,451
180,487
180,488
180,523
181,247
181,443
181,470
181,595
181,634
182,307
182,402
182,443
182,470
182,629
182,634
182,705
182,723
182,950
182,961
182,973
182,998
183,3
183,111
183,238
183,395
183,451
183,480
183,487
183,488
183,523
183,629
183,634
183,950
183,998
184,628
184,729
185,26
185,238
185,402
185,628
185,705
185,961
186,3
186,111
186,451
186,487
186,488
186,523
186,647
186,738
186,764
187,402
187,443
187,506
187,973
188,3
188,111
188,451
188,487
188,488
188,523
189,480
189,629
189,634
189,950
189,998
190,3
190,111
190,451
190,487
190,488
190,523
191,3
191,111
191,451
191,487
191,488
191,523
191,629
191,950
192,307
192,443
192,723
192,973
193,3
193,451
193,488
193,523
194,3
194,111
194,451
194,487
194,488
194,523
195,3
195,111
195,451
195,487
195,488
195,523
196,3
196,111
196,451
196,487
196,488
196,523
196,764
197,3
197,111
197,451
197,487
197,488
197,523
197,647
197,738
197,764
198,26
198,238
198,570
198,628
198,647
198,738
198,764
199,26
199,238
199,570
199,628
200,26
200,147
200,238
200,570
200,628
200,764
200,857
201,3
201,111
201,451
201,487
201,488
201,523
202,307
202,443
202,451
202,470
202,487
202,488
202,523
202,723
203,307
203,723
203,778
204,3
204,111
204,451
204,487
204,488
204,523
205,48
205,470
205,480
205,610
205,629
205,634
205,885
205,950
205,973
206,169
206,423
206,432
206,647
207,3
207,111
207,451
207,487
207,488
207,523
208,307
208,470
208,723
209,3
209,111
209,451
209,487
209,488
209,523
210,480
210,629
210,634
210,764
210,950
210,998
211,480
211,629
211,998
212,3
212,111
212,451
212,487
212,488
212,523
213,26
213,238
213,570
213,628
214,3
214,111
214,451
214,487
214,523
215,26
215,238
215,506
215,570
215,628
216,402
216,595
216,705
216,764
217,402
217,480
217,506
217,629
217,634
217,778
217,950
217,998
218,402
218,778
219,3
219,111
219,451
219,487
219,488
219,523
220,307
220,443
220,470
220,506
220,723
220,973
221,26
221,247
221,443
221,470
221,570
221,628
221,634
222,169
222,307
222,443
222,470
222,506
222,647
222,723
222,973
223,3
223,111
223,451
223,487
223,488
223,523
224,3
224,111
224,238
224,395
224,451
224,487
224,488
224,523
225,3
225,111
225,451
225,487
225,488
225,523
226,307
226,443
226,470
226,506
226,723
226,973
227,3
227,111
227,451
227,487
227,488
227,523
228,3
228,111
228,487
228,488
228,523
229,3
229,111
229,451
229,487
229,488
229,523
230,307
230,443
230,470
230,506
230,723
230,778
230,973
231,3
231,111
231,451
231,487
231,488
231,523
232,3
232,451
232,487
232,488
232,523
233,3
233,111
233,451
233,487
233,488
233,523
233,598
233,628
233,729
234,247
234,443
234,506
234,634
235,48
235,470
235,610
235,885
235,973
236,307
236,443
236,470
236,723
236,973
237,147
237,764
237,857
238,595
238,647
238,738
238,764
238,778
239,647
239,738
239,764
240,111
240,444
240,487
240,913
241,3
241,111
241,451
241,487
241,488
241,523
241,595
241,764
242,3
242,111
242,451
242,487
242,488
242,523
243,3
243,111
243,451
243,487
243,488
243,523
244,598
244,628
244,729
245,480
245,629
245,634
245,950
245,998
246,26
246,238
246,570
246,628
247,26
247,238
247,570
247,595
247,628
247,764
248,647
248,738
248,764
249,307
249,443
249,470
249,723
249,973
250,506
250,598
250,628
250,729
251,3
251,111
251,451
251,487
251,488
251,523
252,3
252,111
252,451
252,487
252,488
252,523
253,307
253,402
253,443
253,470
253,598
253,628
253,705
253,723
253,729
253,961
253,973
254,629
254,634
254,950
254,998
255,26
255,238
255,570
255,628
256,3
256,111
256,451
256,487
256,488
256,523
257,247
257,443
257,470
257,634
257,778
258,307
258,443
258,470
258,506
258,647
258,723
258,738
258,764
258,973
259,3
259,111
259,451
259,487
259,488
259,523
260,3
260,111
260,451
260,487
260,488
260,523
261,3
261,111
261,247
261,443
261,451
261,470
261,487
261,488
261,523
261,634
262,3
262,111
262,402
262,451
262,487
262,488
262,523
263,778
264,3
264,111
264,402
264,451
264,487
264,488
264,523
264,705
264,961
265,3
265,111
265,487
265,488
265,523
266,169
266,423
266,432
266,647
267,3
267,111
267,451
267,488
267,523
268,628
268,764
268,803
268,826
268,883
269,3
269,111
269,451
269,480
269,487
269,488
269,506
269,523
269,629
269,634
269,950
269,998
270,3
270,111
270,451
270,487
270,488
270,523
271,3
271,111
271,169
271,423
271,432
271,451
271,487
271,488
271,523
271,647
272,26
272,307
272,443
272,470
272,570
272,628
272,723
273,307
273,443
273,470
273,723
273,973
274,3
274,111
274,451
274,487
274,488
274,523
275,307
275,443
275,470
275,506
275,723
275,973
276,307
276,443
276,470
276,647
276,723
276,738
276,764
276,973
277,247
277,443
277,470
277,506
277,595
277,634
277,764
278,506
278,647
278,738
278,764
279,480
279,598
279,629
279,634
279,950
279,998
280,402
280,506
280,598
280,628
280,729
280,961
281,3
281,111
281,402
281,443
281,451
281,487
281,488
281,506
281,523
281,634
281,778
282,26
282,238
282,480
282,570
282,628
282,629
282,634
282,950
282,998
283,26
283,238
283,570
283,628
284,3
284,111
284,451
284,487
284,523
285,307
285,443
285,470
285,723
285,973
286,247
286,443
286,470
286,634
287,402
287,705
287,961
288,26
288,238
288,506
288,570
288,628
289,238
289,395
289,647
289,738
289,764
290,647
290,738
290,764
291,307
291,443
291,470
291,723
291,973
292,598
292,628
292,729
293,647
293,738
293,764
294,48
294,470
294,610
294,885
294,973
295,26
295,238
295,570
295,628
296,169
296,423
296,432
296,647
297,111
297,451
297,487
297,488
297,523
297,595
298,3
298,111
298,480
298,487
298,488
298,523
298,634
298,950
298,998
299,3
299,488
299,523
299,595
299,647
299,738
299,764
300,764
301,402
301,705
301,961
302,506
302,647
302,738
302,764
303,3
303,26
303,111
303,238
303,451
303,487
303,523
303,570
303,628
304,3
304,111
304,451
304,487
304,488
304,523
305,402
305,443
305,470
305,634
305,778
306,3
306,111
306,451
306,487
306,488
306,523
306,647
306,738
306,764
307,26
307,48
307,238
307,470
307,570
307,610
307,628
307,885
307,973
308,238
308,307
308,395
308,443
308,470
308,723
308,973
309,3
309,111
309,395
309,451
309,487
309,488
309,523
310,238
310,570
310,628
311,3
311,111
311,451
311,487
311,488
311,523
312,3
312,451
312,488
312,523
312,647
312,738
312,764
313,26
313,238
313,570
313,628
314,595
314,629
314,634
314,764
314,998
315,480
315,629
315,634
315,950
315,998
316,598
316,729
317,3
317,26
317,238
317,487
317,488
317,523
317,570
317,628
318,3
318,111
318,451
318,487
318,488
318,523
319,26
319,238
319,570
319,628
320,169
320,432
320,598
320,628
320,729
321,3
321,111
321,451
321,487
321,488
321,523
322,26
322,238
322,247
322,506
322,570
322,578
322,628
322,647
322,738
322,764
323,3
323,111
323,307
323,443
323,451
323,470
323,487
323,488
323,523
323,723
323,973
324,307
324,443
324,470
324,595
324,723
324,764
324,973
325,3
325,111
325,451
325,487
325,488
325,523
326,3
326,111
326,451
326,487
326,488
326,523
327,647
327,729
327,738
327,764
328,247
328,307
328,443
328,470
328,634
328,723
328,973
329,3
329,111
329,451
329,487
329,488
329,523
330,3
330,111
330,451
330,487
330,488
331,3
331,111
331,451
331,488
331,523
332,307
332,443
332,470
332,723
332,973
333,3
333,111
333,451
333,487
333,488
333,523
334,3
334,111
334,451
334,487
334,488
334,523
335,598
335,628
335,729
336,3
336,111
336,451
336,487
336,488
336,523
337,26
337,238
337,402
337,570
337,628
337,778
338,247
338,443
338,470
338,595
338,634
338,764
339,247
339,443
339,470
339,506
339,634
340,3
340,111
340,451
340,487
340,488
340,523
340,764
341,598
341,628
341,729
342,3
342,111
342,451
342,487
342,488
342,523
342,595
342,764
343,71
343,266
343,338
343,402
343,738
344,598
344,628
344,647
344,729
344,738
344,764
345,3
345,111
345,451
345,487
345,488
345,523
346,506
347,480
347,629
347,634
347,950
347,998
348,3
348,111
348,487
348,488
348,523
349,3
349,111
349,451
349,487
349,488
349,523
350,3
350,111
350,147
350,451
350,487
350,488
350,523
350,764
350,857
351,480
351,629
351,634
351,950
351,998
352,26
352,238
352,570
352,628
353,169
353,423
353,432
353,647
353,950
354,402
354,705
354,961
355,307
355,443
355,470
355,723
355,973
356,3
356,111
356,307
356,451
356,470
356,487
356,506
356,523
356,723
356,973
357,402
357,705
357,961
358,3
358,111
358,451
358,487
358,488
358,523
359,307
359,443
359,470
359,506
359,723
359,973
360,3
360,26
360,111
360,238
360,451
360,487
360,488
360,523
360,570
360,598
360,628
360,729
361,247
361,402
361,443
361,470
361,634
361,778
362,647
362,738
362,764
363,307
363,443
363,470
363,506
363,723
363,973
364,3
364,111
364,451
364,487
364,488
364,523
365,506
366,629
366,634
366,950
366,998
367,3
367,111
367,451
367,487
367,523
368,3
368,111
368,451
368,487
368,488
368,523
369,3
369,111
369,451
369,487
369,488
369,523
370,3
370,111
370,402
370,451
370,487
370,488
370,523
370,778
371,238
371,307
371,395
371,443
371,470
371,723
371,973
372,247
372,443
372,470
372,634
373,598
373,628
373,729
374,3
374,111
374,402
374,451
374,487
374,488
374,523
374,778
375,247
375,443
375,470
375,634
376,247
376,443
376,470
376,634
376,647
376,738
376,764
377,238
377,570
377,628
378,3
378,111
378,432
378,451
378,480
378,488
378,523
378,634
378,647
378,950
378,998
379,3
379,451
379,480
379,487
379,488
379,523
379,595
379,629
379,764
379,950
379,998
380,3
380,111
380,451
380,487
380,488
380,523
381,26
381,238
381,570
381,628
381,729
382,3
382,111
382,451
382,487
382,488
382,523
383,307
383,402
383,443
383,470
383,778
384,3
384,451
384,487
384,488
384,523
385,3
385,111
385,451
385,487
385,488
385,523
386,3
386,48
386,470
386,487
386,488
386,523
386,610
386,764
386,885
386,973
387,402
387,595
387,764
387,778
388,3
388,111
388,451
388,487
388,488
388,523
389,3
389,26
389,111
389,238
389,451
389,488
389,523
389,570
389,628
390,598
390,628
390,729
391,3
391,111
391,247
391,443
391,451
391,470
391,487
391,488
391,523
391,634
392,3
392,111
392,451
392,523
393,3
393,111
393,451
393,487
393,488
393,523
394,3
394,111
394,451
394,487
394,488
394,523
395,3
395,111
395,402
395,451
395,487
395,488
395,523
395,778
396,247
396,443
396,470
396,634
397,3
397,111
397,451
397,487
397,488
397,523
397,629
397,634
397,950
397,998
398,402
398,778
399,307
399,443
399,470
399,723
399,973
400,3
400,111
400,451
400,487
400,488
400,523
401,3
401,111
401,451
401,487
401,488
401,523
402,307
402,443
402,470
402,723
402,973
403,3
403,111
403,451
403,487
403,488
403,523
404,26
404,48
404,238
404,470
404,570
404,610
404,628
404,885
404,973
405,169
405,423
405,432
405,647
406,3
406,451
406,487
406,523
407,307
407,470
407,598
407,723
407,729
407,973
408,307
408,443
408,470
408,723
408,973
409,3
409,111
409,451
409,488
409,523
410,26
410,238
410,395
410,402
410,570
410,628
410,705
410,961
411,3
411,111
411,451
411,487
411,488
411,523
412,307
412,443
412,470
412,723
412,973
413,238
413,307
413,395
413,443
413,470
413,723
413,973
414,480
414,629
414,634
414,950
414,998
415,3
415,111
415,451
415,487
415,488
415,523
416,480
416,629
416,634
416,950
416,998
417,598
417,628
417,729
418,3
418,111
418,451
418,487
418,488
418,523
419,26
419,238
419,570
419,628
420,3
420,111
420,238
420,247
420,395
420,443
420,451
420,470
420,487
420,488
420,523
420,634
421,307
421,443
421,470
421,480
421,629
421,634
421,723
421,950
421,973
421,998
422,3
422,111
422,451
422,487
422,488
422,523
423,3
423,111
423,402
423,451
423,487
423,488
423,523
423,778
424,3
424,111
424,402
424,451
424,487
424,488
424,523
424,705
424,778
424,961
425,26
425,71
425,238
425,266
425,338
425,402
425,570
425,628
425,738
426,26
426,238
426,307
426,443
426,470
426,570
426,628
426,647
426,723
426,738
426,764
426,973
427,3
427,26
427,111
427,238
427,451
427,488
427,523
427,570
427,628
428,595
428,647
428,738
429,3
429,307
429,443
429,451
429,470
429,487
429,488
429,523
430,26
430,238
430,570
430,628
431,3
431,111
431,451
431,487
431,488
431,523
432,3
432,111
432,451
432,487
432,488
432,523
433,3
433,111
433,451
433,487
433,488
433,523
434,598
434,628
434,729
435,3
435,111
435,451
435,487
435,488
435,523
436,3
436,111
436,247
436,443
436,451
436,470
436,487
436,488
436,523
436,634
437,338
437,738
438,3
438,111
438,451
438,487
438,488
438,523
439,3
439,111
439,451
439,487
439,488
439,523
440,26
440,238
440,570
440,595
440,598
440,628
440,729
440,764
441,26
441,238
441,570
441,705
441,961
442,402
442,778
443,238
443,395
444,307
444,443
444,470
444,723
444,973
445,480
445,506
445,629
445,634
445,950
445,998
446,443
446,470
447,3
447,111
447,451
447,487
447,488
447,523
448,3
448,111
448,451
448,487
448,488
448,523
449,307
449,443
449,470
449,723
449,973
450,26
450,238
450,570
450,628
450,629
450,634
450,950
450,998
451,402
451,595
451,705
451,764
451,961
452,307
452,443
452,470
452,723
452,973
453,3
453,111
453,451
453,487
453,488
453,523
454,3
454,111
454,451
454,487
454,488
454,523
455,598
455,628
455,729
456,238
456,395
456,480
456,950
456,998
457,111
457,451
457,487
457,488
457,523
458,402
458,778
459,3
459,111
459,451
459,487
459,523
460,647
460,738
460,764
461,3
461,111
461,451
461,487
461,488
461,523
462,26
462,570
462,628
462,647
462,738
462,764
463,26
463,169
463,423
463,432
463,570
463,628
463,647
464,3
464,111
464,451
464,487
464,488
464,523
465,197
465,634
465,998
466,307
466,443
466,470
466,480
466,595
466,629
466,634
466,723
466,764
466,950
466,973
466,998
467,402
467,705
467,961
468,598
468,628
468,729
469,647
469,738
470,48
470,610
470,885
471,3
471,111
471,451
471,480
471,487
471,523
471,629
471,950
471,998
472,3
472,111
472,451
472,487
472,523
473,3
473,111
473,451
473,487
473,488
473,523
474,3
474,111
474,451
474,487
474,488
474,506
474,523
475,402
475,778
476,48
476,470
476,610
476,885
476,973
477,738
477,764
478,3
478,111
478,451
478,487
478,488
478,523
479,3
479,111
479,451
479,487
479,488
479,523
480,307
480,402
480,443
480,470
480,705
480,723
480,973
481,3
481,111
481,451
481,487
481,488
481,523
481,595
481,764
482,3
482,111
482,451
482,487
482,488
482,523
482,598
482,628
482,729
482,778
483,3
483,111
483,451
483,487
483,488
483,523
484,307
484,628
484,723
484,729
484,973
485,3
485,111
485,451
485,487
485,488
485,506
485,628
485,729
486,3
486,111
486,451
486,487
486,488
486,523
487,402
487,647
487,738
487,764
488,647
488,738
488,764
489,3
489,111
489,451
489,487
489,488
489,506
489,523
490,402
490,480
490,629
490,634
490,778
490,950
490,998
491,247
491,443
491,470
491,634
492,3
492,111
492,451
492,487
492,488
492,523
493,3
493,111
493,451
493,487
493,488
493,523
494,3
494,111
494,451
494,480
494,487
494,488
494,523
494,629
494,634
494,950
494,998
495,3
495,111
495,451
495,487
495,488
495,523
496,402
496,705
496,961
497,3
497,111
497,451
497,487
497,488
497,523
497,738
497,764
498,480
498,634
498,998
499,3
499,111
499,443
499,451
499,470
499,487
499,488
499,523
499,723
499,973
500,402
500,480
500,629
500,634
500,705
500,950
500,961
500,998
501,506
501,598
501,628
501,647
501,729
501,738
501,764
501,778
502,26
502,238
502,570
502,628
502,629
502,634
502,950
502,998
503,247
503,443
503,470
503,634
504,480
504,634
504,950
504,998
505,3
505,111
505,451
505,487
505,488
505,523
506,3
506,111
506,451
506,487
506,488
506,523
507,3
507,488
507,523
508,48
508,470
508,647
508,738
508,764
508,885
508,973
509,307
509,443
509,470
509,723
509,973
510,3
510,111
510,451
510,487
510,488
510,523
510,705
510,961
511,480
511,629
511,634
511,950
511,998
512,26
512,238
512,247
512,307
512,443
512,470
512,570
512,628
512,723
512,973
513,3
513,111
513,451
513,488
513,523
513,738
513,764
514,307
514,723
514,973
515,247
515,443
515,470
515,598
515,628
515,634
515,647
515,729
515,738
515,764
516,26
516,238
516,570
516,628
517,3
517,111
517,451
517,488
517,523
518,26
518,238
518,570
518,628
519,247
519,470
519,634
520,3
520,111
520,451
520,487
520,488
520,523
521,238
521,395
522,307
522,443
522,470
522,480
522,723
522,950
522,973
522,998
523,3
523,111
523,451
523,487
523,488
523,523
524,595
524,764
525,480
525,629
525,950
525,998
526,26
526,238
526,570
526,628
526,647
526,738
526,764
527,3
527,111
527,451
527,487
527,488
527,523
528,595
528,764
529,443
529,470
529,480
529,506
529,629
529,634
529,950
530,570
530,628
530,803
530,826
530,883
531,598
531,628
531,729
532,3
532,111
532,451
532,487
532,488
532,523
533,307
533,470
533,973
534,628
534,729
535,307
535,443
535,470
535,480
535,629
535,634
535,723
535,950
535,973
535,998
536,3
536,111
536,451
536,487
536,488
536,506
536,523
537,26
537,238
537,247
537,307
537,443
537,470
537,570
537,628
537,634
537,723
537,973
538,3
538,111
538,451
538,487
538,488
538,523
538,598
538,628
538,729
539,598
539,628
539,729
540,3
540,111
540,451
540,487
540,488
541,3
541,111
541,451
541,487
541,488
541,506
541,523
542,26
542,238
542,247
542,307
542,443
542,470
542,570
542,628
542,723
542,973
543,26
543,238
543,570
543,628
544,628
544,729
545,3
545,111
545,451
545,470
545,487
545,488
545,523
545,973
546,595
546,764
547,3
547,111
547,451
547,487
547,488
547,523
548,3
548,111
548,451
548,487
548,488
548,523
549,26
549,238
549,570
549,628
550,506
550,595
550,764
551,3
551,111
551,451
551,487
551,488
551,523
552,247
552,506
552,578
553,3
553,111
553,451
553,487
553,488
553,523
554,26
554,238
554,402
554,570
554,628
555,3
555,111
555,451
555,480
555,487
555,488
555,523
555,629
555,634
555,950
555,998
556,3
556,111
556,451
556,487
556,488
556,523
557,3
557,111
557,451
557,487
557,488
557,523
558,3
558,111
558,451
558,487
558,488
558,523
559,26
559,238
559,570
559,595
559,628
559,764
560,443
560,470
560,723
560,973
561,26
561,238
561,307
561,443
561,470
561,506
561,570
561,628
561,723
561,973
562,307
562,443
562,470
562,723
562,973
563,595
563,764
564,247
564,443
564,470
564,634
565,307
565,443
565,470
565,647
565,764
565,973
566,3
566,111
566,451
566,487
566,488
566,523
567,169
567,423
567,432
567,647
568,307
568,443
568,470
568,480
568,629
568,634
568,723
568,973
568,998
569,26
569,570
570,3
570,111
570,247
570,451
570,487
570,488
570,506
570,523
570,578
571,480
571,629
571,634
571,950
571,998
572,570
572,628
572,803
572,826
572,883
573,629
573,634
573,950
573,998
574,238
574,307
574,395
574,443
574,470
574,723
574,973
575,402
575,778
576,169
576,423
576,432
576,647
577,738
577,764
578,3
578,26
578,111
578,451
578,487
578,488
578,523
578,570
578,628
579,3
579,111
579,451
579,487
579,488
579,523
580,307
580,443
580,470
580,723
580,973
581,3
581,26
581,111
581,238
581,451
581,487
581,488
581,523
581,570
581,628
582,595
582,764
583,307
583,443
583,470
583,723
583,973
584,402
584,598
584,628
584,729
584,778
585,26
585,238
585,570
585,628
586,595
586,598
586,628
586,764
587,3
587,111
587,451
587,487
587,488
587,523
588,111
588,402
588,451
588,487
588,488
588,523
589,647
589,738
589,764
590,26
590,238
590,247
590,402
590,443
590,470
590,570
590,628
590,634
590,778
591,3
591,111
591,451
591,487
591,488
591,523
592,111
592,222
592,444
592,487
592,913
593,238
593,395
593,402
593,778
594,3
594,111
594,451
594,487
594,488
594,523
595,3
595,111
595,307
595,443
595,451
595,487
595,488
595,523
596,3
596,111
596,451
596,487
596,488
596,523
597,247
597,443
597,470
597,634
598,402
598,480
598,629
598,634
598,705
598,961
599,247
599,402
599,443
599,470
599,506
599,634
599,778
600,443
600,470
600,973
601,3
601,111
601,487
601,488
601,523
602,238
602,395
603,3
603,111
603,451
603,487
603,488
603,506
603,523
604,3
604,111
604,451
604,487
604,488
604,523
605,402
605,705
605,961
606,247
606,470
606,480
606,598
606,628
606,629
606,634
606,729
606,950
606,998
607,3
607,111
607,451
607,487
607,488
608,26
608,238
608,570
608,628
609,3
609,111
609,451
609,487
609,488
609,506
609,523
610,3
610,111
610,451
610,487
610,488
610,506
610,523
610,647
610,738
610,764
611,778
612,3
612,111
612,451
612,487
612,488
612,523
613,470
613,480
613,506
613,629
613,634
613,723
613,950
613,973
614,247
614,402
614,470
614,778
615,307
615,443
615,470
615,723
615,973
616,3
616,111
616,451
616,487
616,488
616,506
616,523
617,443
617,470
617,723
617,973
618,3
618,111
618,451
618,480
618,487
618,488
618,523
618,634
618,950
618,998
619,3
619,111
619,402
619,451
619,487
619,488
619,523
620,197
620,634
620,998
621,402
621,506
621,570
621,628
621,705
621,803
621,826
621,883
621,961
622,111
622,451
622,488
623,647
623,738
623,764
624,3
624,111
624,451
624,487
624,488
624,523
625,26
625,238
625,247
625,443
625,470
625,570
625,628
625,634
626,307
626,443
626,470
626,723
626,973
627,111
627,451
627,523
627,629
627,634
627,950
627,998
628,307
628,443
628,470
628,723
628,973
629,307
629,443
629,470
629,723
629,973
630,169
630,423
630,432
630,647
631,26
631,238
631,570
631,628
632,480
632,598
632,628
632,629
632,634
632,950
632,998
633,3
633,111
633,451
633,487
633,488
633,523
634,26
634,238
634,570
634,595
634,628
634,764
635,3
635,111
635,451
635,487
635,488
635,523
635,598
635,628
635,729
636,307
636,443
636,470
636,506
636,570
636,578
636,628
636,723
636,803
636,826
636,883
637,3
637,111
637,451
637,487
637,523
638,3
638,451
638,487
638,488
638,523
638,598
638,628
638,729
639,247
639,506
639,578
639,598
639,628
639,729
640,480
640,629
640,634
640,950
640,998
641,71
641,266
641,338
641,402
641,738
642,169
642,423
642,432
642,647
642,738
642,764
643,26
643,238
643,506
643,570
643,628
644,3
644,26
644,111
644,238
644,451
644,480
644,487
644,488
644,523
644,570
644,628
644,629
644,634
644,950
644,998
645,26
645,238
645,443
645,470
645,570
645,628
645,629
645,634
645,723
645,950
645,973
646,3
646,111
646,451
646,487
646,488
646,523
647,402
647,778
648,307
648,443
648,470
648,723
648,973
649,480
649,634
649,950
649,998
650,3
650,26
650,111
650,451
650,487
650,488
650,506
650,523
650,570
650,628
651,3
651,111
651,487
651,488
651,523
652,3
652,111
652,451
652,487
652,488
652,523
653,26
653,238
653,570
653,628
654,307
654,443
654,470
654,506
654,723
654,973
655,3
655,111
655,451
655,480
655,487
655,488
655,629
655,950
656,26
656,238
656,570
656,628
656,647
656,738
656,764
657,3
657,111
657,451
657,487
657,488
657,523
658,71
658,266
658,338
658,402
658,738
659,26
659,238
659,570
659,628
660,3
660,111
660,451
660,487
660,488
660,523
661,71
661,266
661,338
661,402
661,738
662,3
662,111
662,451
662,487
662,488
662,523
663,26
663,238
663,628
664,3
664,111
664,451
664,487
664,488
664,523
664,595
664,764
665,3
665,111
665,451
665,487
665,488
665,523
666,48
666,470
666,610
666,885
666,973
667,480
667,598
667,629
667,634
667,729
667,950
668,197
668,487
668,634
668,913
668,998
669,3
669,111
669,451
669,487
669,488
669,523
670,3
670,26
670,111
670,238
670,451
670,487
670,488
670,523
670,570
670,595
670,628
671,307
671,443
671,598
671,628
671,723
671,973
672,480
672,629
672,634
672,950
672,998
673,307
673,443
673,470
673,723
673,973
674,506
675,3
675,111
675,451
675,487
675,488
675,523
676,307
676,443
676,723
676,973
677,3
677,111
677,402
677,451
677,487
677,488
677,523
677,778
678,3
678,451
678,480
678,487
678,488
678,523
678,629
678,634
678,950
678,998
679,307
679,443
679,470
679,723
679,973
680,3
680,111
680,451
680,487
680,488
680,523
680,647
680,738
680,764
681,307
681,443
681,470
681,506
681,723
681,973
682,3
682,111
682,451
682,487
682,488
682,523
683,238
683,570
683,628
684,307
684,443
684,470
684,480
684,595
684,598
684,629
684,634
684,723
684,729
684,950
684,973
685,598
685,628
685,729
686,3
686,111
686,451
686,487
686,488
686,523
687,3
687,111
687,451
687,487
687,488
687,523
688,169
688,423
688,432
688,647
689,3
689,48
689,111
689,451
689,470
689,487
689,488
689,523
689,610
689,885
689,973
690,3
690,111
690,451
690,487
690,488
690,523
690,705
690,961
691,3
691,26
691,111
691,238
691,451
691,487
691,488
691,523
691,570
691,628
692,26
692,238
692,570
692,628
693,26
693,238
693,570
693,628
694,3
694,111
694,147
694,451
694,487
694,488
694,523
694,764
694,857
695,26
695,238
695,570
695,628
695,647
695,738
695,764
696,48
696,470
696,610
696,885
696,973
697,3
697,451
697,487
697,488
697,523
698,26
698,307
698,443
698,470
698,570
698,628
698,723
698,973
699,26
699,238
699,570
699,628
700,506
700,598
700,628
700,647
700,729
701,598
701,628
701,729
702,247
702,443
702,634
703,26
703,238
703,570
703,598
703,628
703,729
704,480
704,629
704,634
704,950
704,998
705,147
705,764
705,857
706,307
706,470
706,506
706,723
706,973
707,3
707,111
707,247
707,443
707,451
707,470
707,487
707,488
707,523
707,634
708,3
708,111
708,451
708,487
708,488
708,523
709,26
709,238
709,570
709,628
709,647
709,738
710,598
710,628
710,729
711,3
711,111
711,488
711,523
712,480
712,629
712,634
712,950
712,998
713,598
713,628
713,729
714,26
714,238
714,570
714,628
715,402
715,705
715,961
716,3
716,111
716,307
716,443
716,451
716,470
716,487
716,488
716,523
716,723
716,973
717,3
717,111
717,451
717,487
717,488
717,523
718,307
718,470
718,723
718,973
719,647
719,738
719,764
720,247
720,307
720,443
720,470
720,480
720,629
720,634
720,723
720,950
720,973
720,998
721,3
721,111
721,451
721,487
721,488
721,523
722,3
722,111
722,402
722,451
722,487
722,488
722,778
723,3
723,111
723,451
723,488
723,523
724,238
724,395
724,598
724,628
724,729
725,3
725,111
725,451
725,487
725,488
725,523
726,402
726,443
726,470
726,598
726,723
726,729
726,778
726,973
727,3
727,111
727,451
727,487
727,488
727,523
727,598
727,628
727,729
728,26
728,238
728,570
728,628
728,647
728,738
728,764
729,247
729,506
729,578
729,595
730,598
730,628
731,3
731,111
731,451
731,487
731,488
731,523
732,307
732,443
732,470
732,723
732,973
733,238
733,247
733,395
733,402
733,443
733,470
733,634
733,778
734,3
734,111
734,451
734,487
734,488
734,523
735,247
735,443
735,470
735,634
736,480
736,629
736,634
736,950
736,998
737,3
737,111
737,451
737,487
737,488
737,523
738,3
738,111
738,451
738,487
738,488
738,523
739,307
739,402
739,443
739,723
739,778
740,3
740,111
740,451
740,487
740,488
740,523
741,3
741,111
741,451
741,487
741,488
741,523
742,3
742,26
742,111
742,238
742,451
742,487
742,488
742,523
742,570
742,628
742,647
742,738
742,764
743,197
743,595
743,634
743,738
743,764
744,26
744,238
744,402
744,480
744,506
744,570
744,628
744,629
744,634
744,778
744,950
744,998
745,247
745,443
745,470
745,506
745,595
745,634
745,764
746,3
746,111
746,451
746,487
746,488
746,523
747,598
747,628
747,729
748,3
748,111
748,451
748,487
748,488
748,523
749,26
749,238
749,480
749,570
749,628
749,629
749,634
749,950
749,998
750,480
750,629
750,634
750,950
750,998
751,3
751,111
751,451
751,487
751,488
751,523
752,402
752,647
752,738
752,764
752,778
753,480
753,629
753,634
753,950
753,998
754,3
754,111
754,451
754,487
754,488
754,523
755,26
755,238
755,480
755,570
755,628
755,629
755,634
755,950
755,998
756,480
756,506
756,595
756,634
756,738
756,764
756,950
756,998
757,402
757,647
757,738
757,764
757,778
758,3
758,111
758,247
758,443
758,451
758,470
758,487
758,488
758,523
758,634
759,3
759,111
759,451
759,487
759,488
759,523
760,247
760,402
760,470
760,634
760,778
761,402
761,705
761,961
762,307
762,443
762,506
762,595
762,723
762,973
763,247
763,443
763,470
763,634
764,307
764,598
764,628
764,647
764,723
764,729
764,764
764,973
765,3
765,111
765,451
765,488
765,523
766,3
766,111
766,451
766,487
766,488
766,523
767,247
767,443
767,634
768,26
768,238
768,570
768,628
769,3
769,111
769,402
769,451
769,480
769,487
769,488
769,523
769,778
769,950
770,3
770,26
770,111
770,238
770,451
770,487
770,488
770,506
770,523
770,570
770,628
771,169
771,423
771,432
771,647
772,307
772,402
772,470
772,723
772,961
772,973
773,3
773,111
773,451
773,487
773,488
773,523
774,307
774,443
774,470
774,723
774,973
775,3
775,111
775,451
775,487
775,488
775,523
776,506
776,598
776,628
776,729
777,3
777,111
777,451
777,487
777,488
777,523
778,738
778,764
779,3
779,111
779,451
779,487
779,488
779,523
780,647
780,738
780,764
781,598
781,628
781,729
782,238
782,570
782,598
782,628
782,729
783,3
783,111
783,451
783,487
783,488
783,523
784,3
784,111
784,451
784,487
784,488
784,523
785,3
785,111
785,487
785,488
785,506
785,523
785,578
785,598
785,628
785,729
786,402
786,778
787,570
787,628
787,803
787,826
787,883
788,3
788,111
788,451
788,487
788,488
788,523
789,3
789,111
789,451
789,487
789,488
789,523
790,451
790,487
790,595
790,764
791,26
791,238
791,570
791,628
792,402
792,778
793,3
793,111
793,402
793,451
793,487
793,488
793,523
793,778
794,307
794,443
794,470
794,480
794,634
794,723
794,950
794,973
795,3
795,111
795,451
795,487
795,488
795,523
796,3
796,111
796,451
796,487
796,488
796,523
797,480
797,629
797,634
797,950
797,998
798,247
798,443
798,470
798,634
799,570
799,628
799,803
799,826
799,883
800,3
800,111
800,451
800,487
800,523
800,778
801,26
801,111
801,238
801,307
801,443
801,451
801,470
801,487
801,488
801,523
801,570
801,628
801,723
801,973
802,26
802,238
802,570
802,598
802,628
802,729
803,647
803,738
803,764
804,3
804,111
804,451
804,487
804,488
804,523
805,3
805,111
805,451
805,487
805,488
805,523
806,3
806,111
806,451
806,487
806,488
806,506
806,523
806,598
806,628
806,729
807,26
807,238
807,570
807,628
808,307
808,443
808,470
808,723
808,973
809,598
809,628
809,729
810,3
810,111
810,451
810,487
810,488
810,523
811,598
811,628
812,307
812,443
812,470
812,647
812,723
812,738
812,764
812,973
813,506
814,598
814,628
814,729
815,26
815,238
815,570
815,628
816,247
816,307
816,443
816,470
816,634
816,723
816,973
817,3
817,111
817,451
817,487
817,488
817,523
818,26
818,238
818,570
818,628
819,3
819,111
819,423
819,432
819,451
819,487
819,488
819,523
820,3
820,111
820,451
820,487
820,488
820,523
821,402
821,647
821,705
821,738
821,764
821,961
822,402
822,480
822,629
822,634
822,705
822,950
822,961
823,402
823,480
823,629
823,634
823,705
823,950
823,961
823,998
824,402
824,705
824,961
825,3
825,111
825,451
825,487
825,488
825,523
826,307
826,443
826,470
826,723
826,973
827,26
827,238
827,402
827,570
827,628
827,705
827,961
828,3
828,111
828,451
828,487
828,488
828,523
