         1          1          3
         1          1          8
         1          1         11
         1          1         12
         1          1         14
         1          1         18
         1          1         21
         1          1         28
         1          1         29
         2          2         11
         2          2         14
         2          2         21
         2          2         28
         3          3          8
         3          3         11
         3          3         12
         3          3         14
         3          3         18
         3          3         24
         3          3         25
         3          3         28
         4          4         11
         5          5          3
         5          5          8
         5          5         11
         5          5         14
         5          5         17
         5          5         21
         5          5         24
         5          5         25
         5          5         28
         5          5         29
         6          6          3
         6          6          8
         6          6         11
         6          6         12
         6          6         14
         6          6         17
         6          6         21
         6          6         28
         6          6         29
         7          7          8
         7          7         25
         7          7         28
         8          8          3
         8          8          8
         8          8          9
         8          8         11
         8          8         12
         8          8         14
         8          8         21
         8          8         28
         8          8         29
         9          9          3
         9          9          8
         9          9         11
         9          9         12
         9          9         14
         9          9         17
         9          9         21
         9          9         28
         9          9         29
        10         10          3
        10         10         11
        10         10         14
        10         10         21
        10         10         28
        10         10         29
        11         11          3
        11         11         11
        11         11         14
        11         11         21
        11         11         28
        11         11         29
        12         12          3
        12         12          8
        12         12         11
        12         12         14
        12         12         18
        12         12         21
        12         12         28
        12         12         29
        13         13          3
        13         13          8
        13         13         11
        13         13         12
        13         13         13
        13         13         14
        13         13         17
        13         13         18
        13         13         21
        13         13         28
        13         13         29
        14         14          8
        14         14         11
        14         14         17
        14         14         21
        14         14         24
        14         14         25
        14         14         28
        14         14         29
        15         15          8
        15         15         11
        16         16          8
        16         16         11
        16         16         12
        16         16         14
        16         16         17
        16         16         21
        16         16         28
        16         16         29
        17         17          8
        17         17         11
        17         17         12
        17         17         17
        17         17         18
        17         17         29
        18         18          3
        18         18          8
        18         18         11
        18         18         13
        18         18         14
        18         18         17
        18         18         18
        18         18         24
        18         18         25
        18         18         28
        18         18         29
        19         19          8
        19         19          9
        19         19         11
        19         19         12
        19         19         18
        19         19         29
        20         20          3
        20         20         11
        20         20         13
        20         20         14
        20         20         17
        20         20         18
        20         20         21
        20         20         28
        20         20         29
        21         21          3
        21         21         11
        21         21         14
        21         21         21
        21         21         28
        21         21         29
        22         22          3
        22         22          8
        22         22         11
        22         22         12
        22         22         14
        22         22         18
        22         22         21
        22         22         28
        22         22         29
        23         23          3
        23         23         11
        23         23         14
        23         23         21
        23         23         28
        23         23         29
        24         24          8
        24         24         11
        25         25          8
        25         25         11
        25         25         12
        25         25         17
        25         25         18
        25         25         29
        26         26          8
        26         26         11
        26         26         14
        26         26         17
        26         26         24
        26         26         25
        26         26         28
        27         27          8
        27         27         13
        27         27         17
        27         27         18
        27         27         24
        27         27         25
        27         27         28
        27         27         29
        28         28          0
        28         28          3
        28         28          8
        28         28         11
        28         28         14
        28         28         17
        28         28         21
        28         28         22
        28         28         28
        28         28         29
        29         29          3
        29         29          8
        29         29         11
        29         29         14
        29         29         21
        29         29         24
        29         29         25
        29         29         28
        29         29         29
        30         30          3
        30         30          8
        30         30         11
        30         30         14
        30         30         18
        30         30         21
        30         30         28
        30         30         29
        31         31          8
        31         31         11
        31         31         12
        31         31         17
        31         31         18
        31         31         29
        32         32          3
        32         32          8
        32         32         11
        32         32         14
        32         32         21
        32         32         28
        32         32         29
        33         33          3
        33         33         11
        33         33         14
        33         33         21
        33         33         28
        33         33         29
        34         34          8
        34         34         11
        34         34         12
        34         34         18
        34         34         29
        35         35          3
        35         35         11
        35         35         12
        35         35         14
        35         35         18
        35         35         21
        35         35         28
        35         35         29
        36         36          3
        36         36         11
        36         36         14
        36         36         21
        36         36         28
        36         36         29
        37         37          0
        37         37          4
        37         37          8
        37         37          9
        37         37         12
        37         37         13
        37         37         28
        37         37         29
        38         38          8
        38         38         11
        38         38         18
        38         38         22
        38         38         23
        38         38         29
        39         39          3
        39         39         11
        39         39         14
        39         39         21
        39         39         28
        39         39         29
        40         40          8
        40         40         11
        40         40         12
        40         40         18
        40         40         29
        41         41          8
        41         41         17
        42         42          3
        42         42         11
        42         42         14
        42         42         21
        42         42         28
        42         42         29
        43         43          8
        43         43         11
        43         43         17
        43         43         21
        43         43         22
        43         43         23
        43         43         24
        43         43         25
        43         43         28
        43         43         29
        44         44         13
        44         44         17
        44         44         18
        44         44         29
        45         45          3
        45         45         11
        45         45         14
        45         45         21
        45         45         22
        45         45         23
        45         45         28
        45         45         29
        46         46          3
        46         46          8
        46         46         11
        46         46         12
        46         46         14
        46         46         18
        46         46         21
        46         46         28
        46         46         29
        47         47          3
        47         47          8
        47         47         11
        47         47         14
        47         47         21
        47         47         28
        47         47         29
        48         48          3
        48         48         11
        48         48         14
        48         48         21
        48         48         28
        48         48         29
        49         49          3
        49         49          8
        49         49         11
        49         49         14
        49         49         28
        49         49         29
        50         50          3
        50         50          8
        50         50         11
        50         50         14
        50         50         21
        50         50         28
        50         50         29
        51         51          3
        51         51         11
        51         51         14
        51         51         21
        51         51         22
        51         51         23
        51         51         28
        51         51         29
        52         52          8
        52         52         11
        52         52         12
        52         52         17
        52         52         18
        52         52         24
        52         52         25
        52         52         28
        52         52         29
        53         53          8
        53         53         11
        53         53         12
        53         53         14
        53         53         17
        53         53         18
        53         53         29
        54         54          8
        54         54         11
        54         54         12
        54         54         14
        54         54         18
        54         54         21
        54         54         28
        54         54         29
        55         55          3
        55         55          8
        55         55         11
        55         55         14
        55         55         17
        55         55         18
        55         55         21
        55         55         28
        55         55         29
        56         56          3
        56         56          8
        56         56         11
        56         56         12
        56         56         14
        56         56         17
        56         56         21
        56         56         28
        56         56         29
        57         57          3
        57         57         11
        57         57         14
        57         57         21
        58         58          3
        58         58          8
        58         58         11
        58         58         14
        58         58         21
        58         58         28
        58         58         29
        59         59          3
        59         59          8
        59         59         11
        59         59         12
        59         59         14
        59         59         18
        59         59         21
        59         59         24
        59         59         25
        59         59         28
        59         59         29
        60         60         17
        60         60         29
        61         61          3
        61         61         11
        61         61         14
        61         61         21
        61         61         28
        61         61         29
        62         62          3
        62         62          8
        62         62         11
        62         62         14
        62         62         21
        62         62         28
        62         62         29
        63         63          3
        63         63         11
        63         63         14
        63         63         21
        63         63         28
        63         63         29
        64         64          3
        64         64         11
        64         64         14
        64         64         21
        64         64         28
        64         64         29
        65         65          3
        65         65         11
        65         65         14
        65         65         21
        65         65         28
        65         65         29
        66         66         11
        66         66         14
        66         66         21
        66         66         28
        66         66         29
        67         67          8
        67         67         11
        67         67         12
        67         67         13
        67         67         14
        67         67         17
        67         67         18
        67         67         29
        68         68          8
        68         68         11
        68         68         12
        68         68         13
        68         68         17
        68         68         18
        68         68         29
        69         69          3
        69         69         11
        69         69         14
        69         69         21
        69         69         28
        69         69         29
        70         70         11
        70         70         13
        70         70         17
        70         70         18
        70         70         29
        71         71          0
        71         71          3
        71         71          4
        71         71          8
        71         71         11
        71         71         12
        71         71         13
        71         71         14
        71         71         17
        71         71         18
        71         71         21
        71         71         28
        71         71         29
        72         72          8
        72         72         17
        72         72         21
        72         72         24
        72         72         25
        72         72         28
        72         72         29
        73         73          3
        73         73          8
        73         73         11
        73         73         17
        74         74          3
        74         74          8
        74         74         11
        74         74         12
        74         74         13
        74         74         14
        74         74         17
        74         74         18
        74         74         21
        74         74         28
        74         74         29
        75         75          3
        75         75          8
        75         75         11
        75         75         13
        75         75         14
        75         75         17
        75         75         18
        75         75         21
        75         75         28
        75         75         29
        76         76          8
        76         76         12
        76         76         17
        77         77          8
        77         77         11
        77         77         13
        77         77         14
        77         77         17
        77         77         18
        77         77         24
        77         77         25
        77         77         28
        77         77         29
        78         78          3
        78         78         11
        78         78         14
        78         78         21
        78         78         28
        78         78         29
        79         79          3
        79         79          8
        79         79         11
        79         79         12
        79         79         14
        79         79         18
        79         79         21
        79         79         28
        79         79         29
        80         80          0
        80         80          3
        80         80          8
        80         80         11
        80         80         14
        80         80         17
        80         80         18
        80         80         21
        80         80         22
        80         80         28
        80         80         29
        81         81          0
        81         81          8
        81         81         13
        81         81         14
        81         81         17
        81         81         18
        81         81         21
        81         81         22
        81         81         24
        81         81         25
        81         81         28
        81         81         29
        82         82          3
        82         82          8
        82         82         11
        82         82         12
        82         82         13
        82         82         17
        82         82         18
        82         82         29
        83         83         17
        83         83         21
        84         84          3
        84         84          8
        84         84         11
        84         84         14
        84         84         17
        84         84         21
        84         84         24
        84         84         25
        84         84         28
        84         84         29
        85         85          3
        85         85          8
        85         85          9
        85         85         11
        85         85         12
        85         85         14
        85         85         21
        85         85         28
        85         85         29
        86         86          8
        86         86         12
        86         86         14
        86         86         17
        87         87          0
        87         87          3
        87         87         11
        87         87         14
        87         87         17
        87         87         21
        87         87         22
        87         87         28
        87         87         29
        88         88          8
        88         88         11
        89         89          8
        89         89         12
        89         89         13
        89         89         17
        89         89         18
        89         89         24
        89         89         25
        89         89         28
        89         89         29
        90         90          3
        90         90          8
        90         90         11
        90         90         12
        90         90         13
        90         90         14
        90         90         17
        90         90         18
        90         90         21
        90         90         25
        90         90         28
        90         90         29
        91         91          3
        91         91          8
        91         91         11
        91         91         12
        91         91         14
        91         91         21
        91         91         28
        91         91         29
        92         92          8
        92         92         13
        92         92         14
        92         92         17
        92         92         18
        92         92         29
        93         93          3
        93         93          8
        93         93         11
        93         93         12
        93         93         14
        93         93         17
        93         93         21
        93         93         28
        93         93         29
        94         94          8
        94         94         11
        94         94         12
        94         94         18
        94         94         29
        95         95          3
        95         95          8
        95         95         11
        95         95         12
        95         95         13
        95         95         14
        95         95         17
        95         95         18
        95         95         21
        95         95         28
        95         95         29
        96         96          3
        96         96         11
        96         96         14
        96         96         21
        96         96         28
        96         96         29
        97         97          3
        97         97          8
        97         97         11
        97         97         14
        97         97         18
        97         97         21
        97         97         28
        97         97         29
        98         98          3
        98         98         11
        98         98         14
        98         98         21
        98         98         28
        98         98         29
        99         99          3
        99         99          8
        99         99         11
        99         99         12
        99         99         17
        99         99         21
        99         99         28
        99         99         29
       100        100          3
       100        100         11
       100        100         14
       100        100         21
       100        100         28
       100        100         29
       101        101          8
       101        101         12
       101        101         17
       101        101         18
       101        101         29
       102        102          3
       102        102         11
       102        102         14
       102        102         21
       102        102         28
       102        102         29
       103        103          3
       103        103         11
       103        103         14
       103        103         21
       103        103         28
       103        103         29
       104        104          3
       104        104          8
       104        104         11
       104        104         12
       104        104         14
       104        104         18
       104        104         21
       104        104         28
       104        104         29
       105        105          3
       105        105          8
       105        105         11
       105        105         12
       105        105         13
       105        105         14
       105        105         17
       105        105         18
       105        105         21
       105        105         28
       105        105         29
       106        106          8
       106        106         11
       106        106         17
       106        106         21
       106        106         24
       106        106         25
       106        106         28
       106        106         29
       107        107          3
       107        107          8
       107        107         11
       107        107         12
       107        107         14
       107        107         17
       107        107         18
       107        107         21
       107        107         28
       107        107         29
       108        108          3
       108        108         11
       108        108         13
       108        108         14
       108        108         17
       108        108         18
       108        108         21
       108        108         28
       108        108         29
       109        109         17
       109        109         18
       109        109         29
       110        110          3
       110        110          8
       110        110         11
       110        110         12
       110        110         14
       110        110         18
       110        110         21
       110        110         28
       110        110         29
       111        111          3
       111        111         11
       111        111         14
       111        111         21
       111        111         28
       111        111         29
       112        112          3
       112        112          8
       112        112         11
       112        112         14
       112        112         21
       112        112         28
       112        112         29
       113        113          3
       113        113          8
       113        113         11
       113        113         14
       113        113         21
       113        113         22
       113        113         23
       113        113         24
       113        113         25
       113        113         28
       113        113         29
       114        114          3
       114        114         11
       114        114         14
       114        114         21
       114        114         28
       114        114         29
       115        115          8
       115        115         11
       115        115         12
       115        115         17
       115        115         18
       115        115         29
       116        116          3
       116        116          8
       116        116          9
       116        116         11
       116        116         12
       116        116         13
       116        116         14
       116        116         17
       116        116         18
       116        116         21
       116        116         28
       116        116         29
       117        117          0
       117        117         17
       117        117         22
       118        118          3
       118        118         11
       118        118         21
       118        118         28
       118        118         29
       119        119          3
       119        119          8
       119        119         11
       119        119         13
       119        119         18
       119        119         21
       119        119         28
       119        119         29
       120        120          3
       120        120         11
       120        120         13
       120        120         14
       120        120         17
       120        120         18
       120        120         21
       120        120         28
       120        120         29
       121        121          3
       121        121          8
       121        121         11
       121        121         14
       121        121         21
       121        121         24
       121        121         25
       121        121         28
       121        121         29
       122        122          3
       122        122          8
       122        122         11
       122        122         14
       122        122         17
       122        122         21
       122        122         24
       122        122         25
       122        122         28
       122        122         29
       123        123          8
       123        123         11
       123        123         12
       123        123         14
       123        123         18
       123        123         29
       124        124          8
       124        124         11
       124        124         14
       124        124         24
       124        124         25
       124        124         28
       124        124         29
       125        125          8
       125        125         11
       125        125         12
       125        125         17
       125        125         18
       125        125         22
       125        125         29
       126        126          3
       126        126          8
       126        126         11
       126        126         14
       126        126         21
       126        126         28
       126        126         29
       127        127          3
       127        127         11
       127        127         14
       127        127         18
       127        127         21
       127        127         28
       127        127         29
       128        128          3
       128        128         11
       128        128         14
       128        128         21
       128        128         28
       128        128         29
       129        129          3
       129        129          8
       129        129         11
       129        129         14
       129        129         17
       129        129         21
       129        129         28
       129        129         29
       130        130          3
       130        130          8
       130        130         11
       130        130         12
       130        130         14
       130        130         17
       130        130         18
       130        130         21
       130        130         28
       130        130         29
       131        131          3
       131        131          8
       131        131          9
       131        131         11
       131        131         12
       131        131         14
       131        131         18
       131        131         21
       131        131         28
       131        131         29
       132        132          3
       132        132          8
       132        132         11
       132        132         12
       132        132         13
       132        132         14
       132        132         17
       132        132         21
       132        132         22
       132        132         23
       132        132         28
       132        132         29
       133        133          3
       133        133          8
       133        133         11
       133        133         12
       133        133         14
       133        133         17
       133        133         21
       133        133         28
       133        133         29
       134        134          8
       134        134         17
       134        134         18
       134        134         24
       134        134         25
       134        134         28
       134        134         29
       135        135          8
       135        135         11
       135        135         12
       135        135         18
       135        135         24
       135        135         25
       135        135         28
       135        135         29
       136        136          8
       136        136         12
       136        136         14
       136        136         17
       137        137          3
       137        137         11
       137        137         14
       137        137         21
       137        137         28
       137        137         29
       138        138          3
       138        138         11
       138        138         14
       138        138         21
       138        138         28
       138        138         29
       139        139          8
       139        139         11
       139        139         12
       139        139         17
       139        139         18
       139        139         29
       140        140          8
       140        140         11
       140        140         13
       140        140         14
       140        140         17
       140        140         18
       140        140         21
       140        140         24
       140        140         25
       140        140         28
       140        140         29
       141        141          3
       141        141          8
       141        141         11
       141        141         12
       141        141         14
       141        141         18
       141        141         21
       141        141         28
       141        141         29
       142        142          3
       142        142          8
       142        142         11
       142        142         14
       142        142         17
       142        142         21
       142        142         28
       142        142         29
       143        143          3
       143        143         11
       143        143         14
       143        143         17
       143        143         21
       143        143         28
       143        143         29
       144        144          0
       144        144          3
       144        144          4
       144        144          8
       144        144         11
       144        144         13
       144        144         14
       144        144         17
       144        144         21
       144        144         28
       144        144         29
       145        145          3
       145        145         11
       145        145         13
       145        145         14
       145        145         17
       145        145         18
       145        145         21
       145        145         28
       145        145         29
       146        146          3
       146        146         11
       146        146         14
       146        146         21
       146        146         28
       146        146         29
       147        147          3
       147        147         11
       147        147         14
       147        147         17
       147        147         21
       147        147         22
       147        147         28
       147        147         29
       148        148          8
       148        148         11
       148        148         12
       148        148         18
       148        148         29
       149        149          8
       149        149         24
       149        149         25
       149        149         28
       150        150          8
       150        150         11
       150        150         12
       150        150         18
       150        150         29
       151        151          3
       151        151         11
       151        151         14
       151        151         21
       151        151         28
       151        151         29
       152        152          8
       152        152         11
       152        152         12
       152        152         14
       152        152         18
       152        152         29
       153        153          8
       153        153         11
       153        153         12
       153        153         13
       153        153         14
       153        153         17
       153        153         18
       153        153         21
       153        153         29
       154        154          8
       154        154         11
       154        154         14
       154        154         17
       154        154         18
       154        154         29
       155        155          3
       155        155         11
       155        155         14
       155        155         28
       155        155         29
       156        156         13
       156        156         17
       156        156         18
       156        156         29
       157        157          8
       157        157         24
       157        157         25
       157        157         28
       158        158          3
       158        158          8
       158        158         11
       158        158         12
       158        158         14
       158        158         17
       158        158         18
       158        158         21
       158        158         28
       158        158         29
       159        159          8
       159        159         11
       159        159         14
       159        159         24
       159        159         25
       159        159         28
       160        160          3
       160        160          8
       160        160         11
       160        160         12
       160        160         17
       160        160         18
       160        160         29
       161        161          8
       161        161          9
       161        161         11
       161        161         12
       161        161         29
       162        162          0
       162        162          8
       162        162         17
       162        162         22
       162        162         24
       162        162         25
       162        162         28
       163        163          3
       163        163         11
       163        163         13
       163        163         14
       163        163         17
       163        163         18
       163        163         21
       163        163         28
       163        163         29
       164        164          8
       164        164         11
       164        164         14
       164        164         17
       164        164         21
       164        164         24
       164        164         25
       164        164         28
       164        164         29
       165        165          3
       165        165          8
       165        165         11
       165        165         14
       165        165         18
       165        165         21
       165        165         28
       165        165         29
       166        166          3
       166        166         11
       166        166         14
       166        166         21
       166        166         28
       166        166         29
       167        167          8
       167        167         11
       168        168          8
       168        168          9
       168        168         12
       168        168         29
       169        169          3
       169        169          8
       169        169         11
       169        169         12
       169        169         17
       169        169         18
       169        169         24
       169        169         25
       169        169         28
       169        169         29
       170        170          3
       170        170         11
       170        170         14
       170        170         21
       170        170         28
       170        170         29
       171        171          3
       171        171          8
       171        171         24
       171        171         25
       171        171         28
       172        172          3
       172        172          8
       172        172         11
       172        172         14
       172        172         21
       172        172         28
       172        172         29
       173        173          3
       173        173         11
       173        173         14
       173        173         21
       173        173         28
       173        173         29
       174        174          8
       174        174         13
       174        174         17
       174        174         18
       174        174         24
       174        174         25
       174        174         28
       174        174         29
       175        175          8
       175        175         11
       175        175         12
       175        175         13
       175        175         17
       175        175         18
       175        175         29
       176        176          3
       176        176          8
       176        176         11
       176        176         12
       176        176         14
       176        176         17
       176        176         21
       176        176         28
       176        176         29
       177        177          8
       177        177         24
       177        177         25
       177        177         28
       178        178          3
       178        178         11
       178        178         14
       178        178         21
       178        178         28
       178        178         29
       179        179          0
       179        179          3
       179        179          8
       179        179         11
       179        179         12
       179        179         14
       179        179         17
       179        179         21
       179        179         22
       179        179         24
       179        179         25
       179        179         28
       179        179         29
       180        180          8
       180        180         11
       181        181          8
       181        181         17
       181        181         24
       181        181         25
       181        181         28
       182        182          3
       182        182          8
       182        182         11
       182        182         12
       182        182         14
       182        182         18
       182        182         21
       182        182         28
       182        182         29
       183        183          3
       183        183          8
       183        183         11
       183        183         12
       183        183         14
       183        183         18
       183        183         21
       183        183         28
       183        183         29
       184        184          3
       184        184          8
       184        184         11
       184        184         12
       184        184         14
       184        184         17
       184        184         21
       184        184         28
       184        184         29
       185        185          8
       185        185         11
       185        185         12
       185        185         18
       185        185         29
       186        186          3
       186        186          8
       186        186         11
       186        186         12
       186        186         14
       186        186         18
       186        186         21
       186        186         28
       186        186         29
       187        187          3
       187        187          8
       187        187         11
       187        187         12
       187        187         14
       187        187         17
       187        187         21
       187        187         28
       187        187         29
       188        188          3
       188        188          8
       188        188         11
       188        188         17
       188        188         21
       188        188         24
       188        188         25
       188        188         28
       188        188         29
       189        189          3
       189        189          8
       189        189         11
       189        189         12
       189        189         14
       189        189         17
       189        189         18
       189        189         21
       189        189         28
       189        189         29
       190        190          3
       190        190         11
       190        190         14
       190        190         21
       190        190         28
       190        190         29
       191        191          3
       191        191          7
       191        191          8
       191        191         11
       191        191         12
       191        191         14
       191        191         17
       191        191         18
       191        191         21
       191        191         28
       191        191         29
       192        192         13
       192        192         17
       192        192         18
       192        192         29
       193        193          3
       193        193         11
       193        193         14
       193        193         21
       193        193         22
       193        193         23
       193        193         28
       193        193         29
       194        194          3
       194        194         11
       194        194         14
       194        194         21
       194        194         28
       194        194         29
       195        195         13
       195        195         17
       195        195         18
       195        195         24
       195        195         25
       195        195         28
       195        195         29
       196        196         13
       196        196         17
       196        196         18
       196        196         22
       196        196         29
       197        197          0
       197        197          8
       197        197         11
       197        197         12
       197        197         17
       197        197         18
       197        197         22
       197        197         29
       198        198          3
       198        198          8
       198        198         11
       198        198         12
       198        198         14
       198        198         21
       198        198         28
       198        198         29
       199        199         17
       199        199         21
       199        199         29
       200        200          3
       200        200          8
       200        200         11
       200        200         12
       200        200         14
       200        200         18
       200        200         21
       200        200         24
       200        200         25
       200        200         28
       200        200         29
       201        201          3
       201        201         11
       201        201         14
       201        201         21
       201        201         28
       201        201         29
       202        202          3
       202        202          8
       202        202         11
       202        202         12
       202        202         14
       202        202         17
       202        202         21
       202        202         24
       202        202         28
       202        202         29
       203        203          8
       203        203         11
       203        203         12
       203        203         14
       203        203         17
       203        203         18
       203        203         29
       204        204          3
       204        204         11
       204        204         13
       204        204         14
       204        204         17
       204        204         18
       204        204         21
       204        204         28
       204        204         29
       205        205          3
       205        205          8
       205        205         11
       205        205         12
       205        205         14
       205        205         17
       205        205         18
       205        205         21
       205        205         28
       205        205         29
       206        206          8
       206        206         11
       206        206         18
       206        206         24
       206        206         25
       206        206         28
       206        206         29
       207        207          3
       207        207         11
       207        207         14
       207        207         21
       207        207         28
       207        207         29
       208        208          3
       208        208         11
       208        208         13
       208        208         14
       208        208         17
       208        208         21
       208        208         28
       208        208         29
       209        209          3
       209        209          8
       209        209         11
       209        209         12
       209        209         14
       209        209         17
       209        209         21
       209        209         29
       210        210          3
       210        210          8
       210        210         11
       210        210         12
       210        210         14
       210        210         17
       210        210         18
       210        210         21
       210        210         24
       210        210         25
       210        210         28
       210        210         29
       211        211          3
       211        211          8
       211        211          9
       211        211         11
       211        211         12
       211        211         14
       211        211         21
       211        211         28
       211        211         29
       212        212          3
       212        212          8
       212        212         11
       212        212         14
       212        212         21
       212        212         24
       212        212         25
       212        212         28
       212        212         29
       213        213          3
       213        213          8
       213        213         11
       213        213         12
       213        213         14
       213        213         18
       213        213         21
       213        213         28
       213        213         29
       214        214          3
       214        214         11
       214        214         14
       214        214         21
       214        214         28
       214        214         29
       215        215          3
       215        215         11
       215        215         14
       215        215         21
       215        215         28
       215        215         29
       216        216          3
       216        216          8
       216        216         11
       216        216         14
       216        216         17
       216        216         21
       216        216         28
       216        216         29
       217        217          8
       217        217         11
       217        217         18
       217        217         29
       218        218          3
       218        218         11
       218        218         13
       218        218         14
       218        218         17
       218        218         18
       218        218         21
       218        218         29
       219        219          3
       219        219          8
       219        219         11
       219        219         12
       219        219         14
       219        219         17
       219        219         18
       219        219         21
       219        219         28
       219        219         29
       220        220          3
       220        220         11
       220        220         14
       220        220         21
       220        220         28
       220        220         29
       221        221          3
       221        221          8
       221        221         11
       221        221         12
       221        221         14
       221        221         18
       221        221         21
       221        221         28
       221        221         29
       222        222          0
       222        222          8
       222        222          9
       222        222         12
       222        222         17
       222        222         22
       222        222         24
       222        222         25
       222        222         28
       222        222         29
       223        223          3
       223        223         11
       223        223         14
       223        223         21
       223        223         28
       223        223         29
       224        224          8
       224        224         12
       224        224         17
       225        225          8
       225        225         11
       225        225         12
       225        225         18
       225        225         29
       226        226          8
       226        226         11
       226        226         12
       226        226         18
       226        226         29
       227        227          3
       227        227         11
       227        227         14
       227        227         21
       227        227         28
       227        227         29
       228        228          3
       228        228          8
       228        228         17
       228        228         21
       228        228         24
       228        228         25
       228        228         28
       228        228         29
       229        229          3
       229        229         11
       229        229         14
       229        229         21
       229        229         28
       229        229         29
       230        230          3
       230        230          8
       230        230         11
       230        230         12
       230        230         17
       230        230         18
       230        230         29
       231        231          3
       231        231          8
       231        231         11
       231        231         12
       231        231         13
       231        231         14
       231        231         17
       231        231         18
       231        231         21
       231        231         28
       231        231         29
       232        232          3
       232        232          8
       232        232         11
       232        232         14
       232        232         21
       232        232         24
       232        232         25
       232        232         28
       232        232         29
       233        233          3
       233        233         11
       233        233         14
       233        233         18
       233        233         21
       233        233         28
       233        233         29
       234        234          8
       234        234         11
       234        234         12
       234        234         13
       234        234         17
       234        234         18
       234        234         29
       235        235          3
       235        235          8
       235        235         11
       235        235         14
       235        235         17
       235        235         21
       235        235         28
       235        235         29
       236        236          8
       236        236         17
       236        236         21
       236        236         29
       237        237          3
       237        237         11
       237        237         14
       237        237         21
       237        237         28
       237        237         29
       238        238          7
       238        238          8
       238        238         11
       238        238         17
       238        238         18
       238        238         24
       238        238         25
       238        238         28
       239        239          8
       239        239         11
       239        239         12
       239        239         18
       239        239         29
       240        240          8
       240        240         11
       240        240         24
       240        240         25
       240        240         28
       241        241          3
       241        241          8
       241        241         11
       241        241         12
       241        241         14
       241        241         18
       241        241         21
       241        241         24
       241        241         25
       241        241         28
       241        241         29
       242        242          3
       242        242          8
       242        242         11
       242        242         12
       242        242         14
       242        242         17
       242        242         21
       242        242         24
       242        242         25
       242        242         28
       242        242         29
       243        243          3
       243        243          8
       243        243         11
       243        243         12
       243        243         14
       243        243         17
       243        243         21
       243        243         28
       243        243         29
       244        244          3
       244        244          8
       244        244         11
       244        244         14
       244        244         18
       244        244         21
       244        244         28
       244        244         29
       245        245          3
       245        245          7
       245        245          8
       245        245         11
       245        245         14
       245        245         17
       245        245         18
       245        245         21
       245        245         28
       245        245         29
       246        246          3
       246        246          8
       246        246         11
       246        246         14
       246        246         17
       246        246         21
       246        246         28
       246        246         29
       247        247          8
       247        247         24
       247        247         25
       247        247         28
       248        248          3
       248        248          8
       248        248         11
       248        248         12
       248        248         17
       248        248         18
       248        248         21
       248        248         24
       248        248         25
       248        248         28
       248        248         29
       249        249          3
       249        249         11
       249        249         12
       249        249         13
       249        249         14
       249        249         17
       249        249         18
       249        249         21
       249        249         28
       249        249         29
       250        250          3
       250        250          8
       250        250         11
       250        250         12
       250        250         18
       250        250         28
       250        250         29
       251        251          8
       251        251         13
       251        251         17
       251        251         18
       251        251         24
       251        251         25
       251        251         28
       251        251         29
       252        252         11
       252        252         12
       252        252         17
       252        252         21
       252        252         29
       253        253          3
       253        253         14
       253        253         21
       253        253         28
       253        253         29
       254        254          3
       254        254          8
       254        254         11
       254        254         12
       254        254         14
       254        254         17
       254        254         21
       254        254         28
       254        254         29
       255        255          8
       255        255         13
       255        255         17
       255        255         18
       255        255         29
       256        256          0
       256        256          3
       256        256          8
       256        256         11
       256        256         14
       256        256         17
       256        256         21
       256        256         22
       256        256         25
       256        256         28
       256        256         29
       257        257          3
       257        257          8
       257        257         11
       257        257         14
       257        257         21
       257        257         24
       257        257         25
       257        257         28
       257        257         29
       258        258         13
       258        258         17
       258        258         18
       258        258         29
       259        259         11
       259        259         13
       259        259         14
       259        259         17
       259        259         18
       259        259         29
       260        260          3
       260        260          8
       260        260          9
       260        260         11
       260        260         12
       260        260         14
       260        260         17
       260        260         18
       260        260         21
       260        260         28
       260        260         29
       261        261          3
       261        261         11
       261        261         13
       261        261         14
       261        261         17
       261        261         21
       261        261         28
       261        261         29
       262        262          3
       262        262          8
       262        262         11
       262        262         14
       262        262         17
       262        262         21
       262        262         28
       262        262         29
       263        263          3
       263        263          8
       263        263          9
       263        263         11
       263        263         12
       263        263         14
       263        263         21
       263        263         28
       263        263         29
       264        264          3
       264        264          8
       264        264         11
       264        264         12
       264        264         14
       264        264         17
       264        264         18
       264        264         21
       264        264         28
       264        264         29
       265        265          3
       265        265         11
       265        265         14
       265        265         21
       265        265         28
       265        265         29
       266        266          3
       266        266          8
       266        266         11
       266        266         12
       266        266         14
       266        266         17
       266        266         21
       266        266         28
       266        266         29
       267        267          3
       267        267         11
       267        267         14
       267        267         21
       267        267         28
       267        267         29
       268        268          8
       268        268         11
       268        268         12
       268        268         14
       268        268         17
       268        268         18
       268        268         29
       269        269          3
       269        269          8
       269        269         11
       269        269         13
       269        269         14
       269        269         17
       269        269         18
       269        269         21
       269        269         28
       269        269         29
       270        270          3
       270        270         11
       270        270         14
       270        270         21
       270        270         28
       270        270         29
       271        271          3
       271        271         11
       271        271         14
       271        271         21
       271        271         28
       271        271         29
       272        272         13
       272        272         17
       272        272         18
       272        272         29
       273        273          3
       273        273         11
       273        273         14
       273        273         17
       273        273         21
       273        273         28
       273        273         29
       274        274          3
       274        274          8
       274        274         11
       274        274         14
       274        274         21
       274        274         28
       274        274         29
       275        275         11
       275        275         12
       275        275         13
       275        275         17
       275        275         18
       275        275         29
       276        276          3
       276        276         11
       276        276         14
       276        276         21
       276        276         28
       276        276         29
       277        277         17
       277        277         21
       277        277         29
       278        278         13
       278        278         17
       278        278         18
       278        278         29
       279        279          8
       279        279         11
       279        279         13
       279        279         14
       279        279         17
       279        279         18
       279        279         24
       279        279         25
       279        279         28
       279        279         29
       280        280          3
       280        280         11
       280        280         13
       280        280         14
       280        280         18
       280        280         21
       280        280         28
       280        280         29
       281        281          3
       281        281          8
       281        281          9
       281        281         11
       281        281         12
       281        281         14
       281        281         17
       281        281         18
       281        281         21
       281        281         28
       281        281         29
       282        282          3
       282        282          8
       282        282         11
       282        282         12
       282        282         13
       282        282         14
       282        282         17
       282        282         18
       282        282         21
       282        282         24
       282        282         25
       282        282         28
       282        282         29
       283        283          8
       283        283         11
       283        283         12
       283        283         17
       283        283         18
       283        283         29
       284        284          3
       284        284          8
       284        284         11
       284        284         14
       284        284         21
       284        284         24
       284        284         25
       284        284         28
       284        284         29
       285        285          3
       285        285          8
       285        285         11
       285        285         14
       285        285         18
       285        285         21
       285        285         24
       285        285         25
       285        285         28
       285        285         29
       286        286          3
       286        286          8
       286        286         13
       286        286         17
       286        286         18
       286        286         29
       287        287          3
       287        287          8
       287        287         11
       287        287         12
       287        287         14
       287        287         18
       287        287         21
       287        287         28
       287        287         29
       288        288          8
       288        288         11
       288        288         13
       288        288         17
       288        288         18
       288        288         24
       288        288         28
       288        288         29
